Amount 82
8       2       4
8       4       2
8       8       1
16      2       8
16      4       4
16      8       2
16      16      1
32      2       16
32      4       8
32      8       4
32      16      2
32      32      1
64      2       32
64      4       16
64      8       8
64      16      4
64      32      2
64      64      1
128     2       64
128     4       32
128     8       16
128     16      8
128     32      4
128     64      2
128     128     1
256     2       128
256     4       64
256     8       32
256     16      16
256     32      8
256     64      4
256     128     2
256     256     1
512     2       256
512     4       128
512     8       64
512     16      32
512     32      16
512     64      8
512     128     4
512     256     2
512     512     1
1024    2       512
1024    4       256
1024    8       128
1024    16      64
1024    32      32
1024    64      16
1024    128     8
1024    256     4
1024    512     2
1024    1024    1
2048    2       1024
2048    4       512
2048    8       256
2048    16      128
2048    32      64
2048    64      32
2048    128     16
2048    256     8
2048    512     4
2048    1024    2
4096    2       2048
4096    4       1024
4096    8       512
4096    16      256
4096    32      128
4096    64      64
4096    128     32
4096    256     16
4096    512     8
4096    1024    4
